1,7.35501398207e-05
1,0.000190722435127
1,0.000252003329914
1,0.000196396064212
1,0.000657467015441
1,0.000206763753262
1,0.000386196185687
1,0.00016350975858
1,0.000108525246467
1,0.000347131547366
1,0.000330652254495
1,0.000324059653492
1,0.000296121461113
1,0.000220695567403
1,6.09326357359e-05
1,0.00011616560276
1,0.000456379577267
1,0.000339517656851
1,0.000134114607979
1,0.000231602819379
1,0.000206715634906
1,0.000199571216607
1,9.97860236859e-05
1,0.000181048537231
1,0.00026943955745
1,6.67282039694e-05
1,0.000101059133139
1,0.000183023700945
1,0.000171190687792
1,0.00033355130447
1,0.000254394989119
1,0.000252608780239
1,0.000201772808291
1,0.000166974358171
1,0.000194447696871
1,0.000254996555515
1,0.000117840592648
1,0.000147865174477
1,0.000300390888013
1,0.000427156598378
1,0.000401915239195
1,0.00021861344631
1,0.000192080340321
1,0.000121884701352
1,0.000109856894529
1,0.000717631039706
1,7.37639283818e-05
1,0.000274583785596
1,0.000403931356254
1,0.000270663057808
1,0.000216364191031
1,0.000495486694482
1,0.000206025835259
1,0.000227425538211
1,7.45845522238e-05
1,0.00020999381261
1,0.000414488343371
1,0.000313409945317
1,9.03703236748e-05
1,0.000172648552724
1,0.00018836524465
1,0.000526527959957
1,0.000168402894197
1,0.000253003487009
1,0.000159116656951
1,0.000113895863563
1,0.000323946191676
1,0.000220468934271
1,0.000208005705436
1,0.000310719466707
1,0.000607958463355
1,0.000180595264637
1,0.000115576897358
1,0.000215417217067
1,6.43722809937e-05
1,0.000232457853945
1,0.000292566287434
2,9.92033099919e-05
1,0.000434550545043
1,0.00014744210937
1,0.000167987392449
1,0.000285253767853
1,0.000183205042711
1,0.00014351510277
1,8.85318790342e-05
1,0.000100794768098
1,0.000331934999678
1,0.000300391338874
1,0.000233292202548
1,5.78256245252e-05
1,0.000250571566198
1,0.000311143781733
1,0.000397420288047
1,0.000183956220512
1,0.000263516175914
1,0.000370150464607
1,0.000111574990512
1,0.000348668403251
1,0.000151976009914
1,0.000168163046434
1,0.00036637710734
1,0.00023460830779
1,0.000244744887717
1,0.00044690907308
1,0.000371409195742
1,0.000161327037158
1,0.000589705301801
1,0.000133063580681
1,0.000207119448119
1,0.00025527817753
1,0.000272001795367
1,0.000143208834506
1,8.80514584885e-05
1,5.96128105982e-05
1,0.000166469432382
1,0.000184396936957
1,0.000110418211507
1,0.000219914048549
1,0.000429464936012
1,0.000243811437458
1,0.00024926005855
1,0.00031330629355
1,0.000234209529626
1,7.98570122293e-05
1,0.000235723481473
1,0.000292643829547
1,0.000140593678439
1,7.71651579944e-05
1,0.000224372345384
1,0.000113048843688
1,0.000617107410235
1,0.000223941126844
1,0.000222450494656
1,0.000149087288757
1,0.0001025178829
1,0.000374351289102
1,6.40369226656e-05
1,0.000300184942516
1,0.000207700973342
1,0.000244883069321
1,0.000114322084811
1,0.000426327615031
1,0.000141651012267
1,0.000120705450232
1,8.4071845111e-05
1,0.000313663754456
1,0.000476452276336
1,0.000228515061954
1,0.000659907760091
1,0.000167433563998
1,7.403833704e-05
1,0.000122573403393
1,0.000224988397706
1,8.716397421e-05
1,0.000353618579188
1,0.000151159376172
1,0.000272348290052
1,0.000279006456632
1,0.00035567696437
1,0.00019843022293
1,0.000272626533811
1,0.000270962917175
1,0.000294100841851
1,0.000323347369051
1,0.000162700398287
1,0.000571313489163
1,0.000321457470653
1,0.000127464843372
1,6.05748533081e-05
1,0.000129729931864
1,0.000283131453063
1,0.000108954675257
1,0.00018222241593
1,0.000158324728085
1,0.000277470789272
1,8.05829817189e-05
1,0.000192031000152
1,0.000238596861495
1,0.000203292155425
1,0.000318160417227
1,0.000199044578049
1,0.000296895307433
1,0.000273978813183
1,0.000232226870821
1,0.000298516373823
1,0.000135598288525
1,5.82894450226e-05
1,0.000285568637298
1,0.000150224215462
1,0.000259394568748
1,0.000234812808065
1,0.000194045077731
1,0.000253260317608
1,0.000281301766838
1,0.000340712170485
1,0.000401684917397
1,0.000118558247736
1,0.000461577132645
1,0.000114410689991
1,0.00018971725304
1,0.00024798990575
1,0.000189642884727
1,0.000178508735142
1,0.000240435984372
1,8.32756857307e-05
1,7.46223315296e-05
1,0.000226554335606
1,0.000294424903712
1,0.00012495928374
1,0.000162210474792
1,0.000360414952309
1,0.000168345517096
1,0.000162372208572
1,0.000307075303256
1,0.000223220845479
1,0.000106297113348
1,0.000221374901791
1,4.95943893667e-05
1,0.000177893621418
1,6.26334291269e-05
1,0.000316454765169
1,0.000317108991317
1,0.000252956887838
1,0.000148400742084
1,0.000316948008539
1,0.000192165548429
1,0.000162195204665
1,0.000105439650782
1,0.000158836524553
1,0.000269648060771
1,0.000184629821571
1,0.000284346300877
1,0.000168482896885
1,0.000144199264426
1,0.000188072598898
1,0.000317890120682
1,0.000216685044682
1,0.000445214456457
1,0.000426978367265
1,0.000268996421014
1,0.000288827522571
1,0.000317761001855
1,0.000297298660549
1,9.61724303798e-05
1,0.000362890331678
1,0.000187618944488
1,0.000218158381324
1,0.00018596272182
1,0.000309495167567
1,0.000114721275874
1,5.6261354981e-05
1,0.000188080616592
1,0.000168225178057
1,0.00012917161354
1,0.000124725740566
1,0.000128101413233
2,9.95738652342e-05
1,0.000131499515894
1,0.000130031411721
1,0.000201719610229
1,0.000171797816091
1,0.000214500568281
1,0.000215596443181
1,0.000147899290259
1,0.000606080225142
1,0.000412630851383
1,0.000197165503188
1,0.00729707378547
1,0.000363604938116
1,0.00028387959731
1,0.000148493726758
1,0.00039039071209
1,7.67453330996e-05
1,7.0618005106e-05
1,0.000604603128852
1,0.000282639053796
1,0.000325320147201
1,0.000332359029784
1,0.000348020969249
1,0.000109756686003
1,0.00024037206989
1,5.98333566599e-05
1,0.000363822642847
1,0.000334234817047
1,0.000184166046108
1,0.000170985696397
1,9.77829011018e-05
1,0.000429205084348
1,0.00022968226828
1,0.000348965588462
1,0.000176562816836
1,0.000324150450654
1,0.000230524522193
1,7.39220787803e-05
1,0.000345721771141
1,0.000467554203688
1,0.00016120575052
1,0.000200763844726
1,0.000378468935485
1,0.000247746140463
1,0.000246142276627
1,0.000269534710794
1,8.01330369764e-05
1,5.33470464561e-05
1,0.000214989837679
1,0.000120525714891
1,0.000115879005751
1,0.000188344619872
1,0.000161546019623
1,0.000174203542171
1,9.87653495158e-05
1,0.000173041495718
1,0.000125199150192
1,0.000267527622112
1,0.000167553135915
1,0.00019750449089
1,0.00014924197825
1,0.000366009650602
1,0.000315185985197
1,6.78197385871e-05
1,0.000178515886526
1,0.000142202007347
1,9.15580705237e-05
1,0.000150411017657
1,0.000265943749737
1,0.000208298566638
1,0.00019310495845
1,0.000266853887703
1,0.000246076714009
1,0.000781324432529
1,9.90074572654e-05
1,0.000342265616524
1,0.000128856739784
1,0.000336990263745
1,0.00017462144813
1,0.000274419262461
1,0.00013414108276
1,9.57228641357e-05
1,0.000278781562915
1,0.00776146202259
1,0.000127090432312
1,0.000429470981948
1,0.000486606398275
1,0.000329963880038
1,0.000284580829556
1,0.000249334707624
1,0.000154118644372
1,0.000172096416692
1,7.89989121527e-05
1,0.000482576300446
1,5.79704138146e-05
1,0.000373780434461
1,0.000425246709778
1,0.000218382353571
1,0.000408909237059
1,0.000349866836612
1,0.000327367872496
1,0.000100809866609
1,0.000312232151444
1,0.000234402274748
1,0.000123029137985
1,0.000179058129058
1,0.000334716743259
1,0.000132197189396
1,0.00031288337486
1,0.000205605768246
1,0.00252638016554
1,0.000281544537867
1,0.00019369460032
2,0.000162466318689
1,0.000152113720054
1,6.95214608507e-05
1,0.00023214328372
1,0.000256882196083
1,0.000373276377275
1,0.000157799352643
1,0.000499867831661
1,0.000199340001609
1,0.000443492153922
1,0.000278512522853
1,0.000311574128218
1,0.000276765977812
1,0.000156943375995
1,0.000290782685515
1,0.000467423894149
1,0.000244159796059
1,0.000311294175514
1,0.000524713649171
1,0.000244794486726
1,0.000156604920852
1,0.000129275440044
1,0.000300391802057
1,0.000305830666704
1,9.60292670952e-05
1,0.000193733876677
1,0.000266083498058
1,0.000301488723571
1,0.000176864512064
1,0.000123477950438
1,0.000349066623818
1,0.00023796961052
1,0.000279676213714
1,0.000142504374384
1,9.60394516258e-05
1,0.000299184523458
1,0.00015294181088
1,0.000248983107039
1,0.000509092289534
1,0.000304983744465
1,0.000220241630629
1,0.00026356302149
1,0.000105354760747
1,0.000109984804189
1,0.000300185875019
1,0.000217010013613
1,0.000186796725954
1,0.000113919116338
1,0.000163437559967
1,0.000341124851822
1,0.000118435348417
1,0.000163135318439
1,0.000286028217488
1,0.000209454041811
1,0.000171512817758
1,0.000351730407325
1,0.000311427993496
1,0.000272518966891
1,0.000250610917591
1,0.000477528938731
1,0.000140317334873
1,0.00019444665022
1,0.000385363559701
1,0.000162895679431
1,0.000153773342122
1,7.69841076499e-05
1,0.000300084903591
1,0.000439899403618
1,0.000139588270077
1,0.000272348209799
1,0.000251780603052
1,0.000216320637764
1,0.00033540274733
1,0.000284143847639
1,0.00018805344945
1,0.000177716890728
1,0.000197936852943
3,0.000242280850996
1,0.000279266327469
1,0.000248293436324
1,0.000281175716278
1,0.000199370134005
1,0.00037383808923
1,0.000349323140074
1,0.000304037606698
1,0.000171863129716
1,0.000339236528903
1,0.000310928827083
1,0.000261992123614
1,0.000507378357758
1,0.000520108505359
1,0.000121001647483
1,0.000351511381827
1,0.000171011903946
1,0.000563171586893
1,0.000414403036907
1,0.000266904521068
1,0.000308105208913
1,0.00040977366887
1,0.00027910703675
1,0.000218739310528
1,0.000358709580749
1,0.00018035666415
1,0.00030864496206
1,7.24381286542e-05
1,0.000156728766806
1,0.000327269989419
1,0.000148398264531
1,0.000278913563162
1,0.000218682226922
1,0.000393670862399
1,0.000119146123848
1,8.52410224548e-05
1,0.000118842604737
1,0.00026783336381
1,0.000246182669197
1,0.000226603050081
1,0.000223047162606
1,0.00021580737831
1,0.000215554071846
1,0.000147855577992
1,0.000291478431714
1,0.000590322254728
2,0.00021165900948
1,0.000251282979373
1,0.000128498450186
1,0.000142940532149
2,0.000197679013864
1,0.000157970536814
1,0.000116261601635
1,0.000255653928363
1,0.000212771922794
1,0.000395348223442
1,0.000330970571138
1,0.000136224650181
1,9.86260337465e-05
1,0.000226236335808
1,0.000360091414823
1,0.000227904963357
1,0.000452519753137
1,0.000192148085253
1,0.00030580281568
1,0.00017379413642
1,0.000198257728562
1,9.37723283305e-05
1,0.000174137190815
1,0.000309629499691
1,0.000241691183491
1,0.000310307620702
1,0.000249957741931
1,0.000135959432302
1,0.00043432558153
1,0.000322526930347
1,0.000163893626039
1,7.98389591724e-05
1,0.000199922407154
1,0.000161744356214
1,0.000230853651862
1,0.0002661921137
1,0.000276180096536
1,0.00016796876955
1,0.000176084108011
1,0.000399366156591
1,0.000241754821101
1,0.000218991318562
1,7.74174829021e-05
1,0.00023061345165
1,0.000206688780779
1,0.00036269897813
1,0.000287987958469
1,6.48133805764e-05
1,0.000202738058675
1,0.000170546929152
1,0.000262824923191
1,0.000294475221774
1,8.02199165698e-05
1,0.000136116121748
1,0.000160450875287
1,7.13706584015e-05
1,0.00021000040988
1,0.000262149180725
1,0.000356925308056
1,0.00032624241633
1,0.000240215649754
1,0.00038716655911
1,0.000117047767678
1,0.000209112787468
1,0.000113231870432
1,0.000210427597081
1,0.000576738765353
1,7.16731019569e-05
1,0.000252619167129
1,0.0002213487609
1,0.0002131999047
2,6.2751392824e-05
1,0.000106019633265
1,0.000201980320992
1,0.000311858421687
1,0.000201234638641
1,0.000302236374431
1,0.000434446790374
1,0.000564461296856
1,0.000125761818325
1,7.83055454805e-05
1,8.66337683348e-05
1,0.00040467417195
1,0.000238132954994
1,0.000167953252163
1,0.000186292366132
1,0.000349990979643
1,0.000302531379663
1,0.000570217918689
1,0.000146703308034
2,0.000141526725878
1,0.000148735259133
1,0.000265583391406
1,0.000423742343149
1,0.000283987260256
1,0.000253762864804
1,0.00016733143117
1,0.000167440598104
1,0.000319068171853
1,0.000179465199975
1,0.00030179781171
1,0.000266899344653
1,0.000214935372481
1,0.000199039283302
1,0.000352201103675
1,0.000112526985493
1,0.000149087288757
3,0.000242280850996
1,0.00016989339493
1,0.000306069210485
1,7.25949282574e-05
1,0.000290009850771
1,9.10585340428e-05
1,0.000226938768221
1,0.000145171922891
1,0.000321154493388
1,0.000233797169275
1,0.000316012520978
1,0.000400096045134
1,0.000142619813803
1,0.0002109701155
1,0.000403479710452
1,0.000540263824144
1,0.000180065201981
1,0.00018282054902
1,0.000102161597786
1,0.000155697184582
1,0.00020260997887
1,0.000242281879374
1,0.000472623045758
1,0.000118872655304
1,0.000143725783106
1,0.0001875618574
1,0.00017115556786
1,0.000288141517385
1,0.000178008966695
1,0.000312195010759
1,0.000195528593346
1,0.000234503086953
1,0.000145618570054
1,0.000406408732179
1,0.000369294969866
1,0.000238238913971
1,0.000283016515939
1,0.000163595023679
1,0.000381621676139
1,0.000279288981687
1,0.000263507341567
1,0.000615852846779
1,0.000298943366923
1,0.000487335269378
1,0.00029436488198
6,0.000107191342102
1,0.000116641550773
1,0.000322309213135
1,0.000355871887323
1,0.000332418810042
1,0.000363459636321
1,0.000324297916216
1,0.000229626093256
1,0.000152007001309
1,0.000416942648136
1,0.00023852979014
1,0.000130590262693
2,0.000106588755421
1,0.000151558242853
1,0.000479747889127
1,0.000218115708916
1,0.000355444873263
1,0.000167974308522
1,0.000237201970693
1,0.000171049449783
1,0.000265588880631
1,0.00023368998116
1,0.000109310517432
1,0.000393623554662
1,6.79944785966e-05
1,0.000215840119939
1,0.000361136319245
1,0.000393919388885
1,0.000206297032599
1,0.00039917828934
1,0.000524765854082
1,0.000391269582529
1,0.000251305593582
1,0.000261746797792
1,0.000158058252678
1,0.000183210552982
1,0.000131746091237
1,0.000169435772862
1,0.000257964758466
1,0.000356497207784
1,0.000290467461338
1,0.000218088431448
1,0.000255628476257
1,0.000134754597123
1,0.000348767682121
1,0.000112848705236
1,0.000180118332412
1,0.000149836645523
1,0.000191729888019
1,0.000162902075274
1,0.000622346635871
1,0.000402668541058
1,0.00030391682921
1,0.000127428670462
1,0.000363407898091
1,0.000164318829811
1,0.000417060651349
2,0.000120595062157
2,0.000201686749987
1,0.000144815591343
1,0.000368320523886
1,0.000287032053201
1,0.000318385541328
1,0.000210954495156
1,0.000263617996536
1,0.000454244054434
1,0.000255176159833
1,0.000139692046682
1,0.000250046833252
1,0.000100697672745
1,0.000193348143799
1,0.000254931785382
1,0.000310759728286
1,0.000559771214326
1,0.000147681195564
1,8.50661920743e-05
1,0.000247243199007
1,0.000436311531476
1,0.00033783388451
1,0.000244011756373
1,0.000304660706055
1,0.000152917159766
1,0.000140437367521
1,8.97285035016e-05
1,0.00010340940955
1,0.00031869992323
1,0.000123010824637
1,0.000307534339317
1,0.000196014506692
1,0.000278497614785
1,0.000242065997606
1,0.000194773560825
1,0.000363536948966
1,0.000194951346795
1,0.000240022582821
1,0.000319622501994
1,0.000150724231464
1,0.000263703130713
1,0.000340939952559
1,0.000190469574717
1,6.15879600407e-05
1,0.000452635203525
1,0.000142824601538
1,0.000101568148258
1,0.000183933295457
1,0.000291064780225
1,0.000300851070923
1,0.000340142290332
1,0.000124798277259
1,0.000264156128428
1,0.000673877574729
1,0.000436636933854
1,0.000397099626316
1,0.00016504316692
1,0.000410148428469
1,0.000173751241203
1,0.00831056952577
1,0.000150893766804
1,0.000175133198441
1,0.000371255546572
1,0.000102021207173
1,0.000203589390828
1,9.36391909322e-05
1,0.000245246479909
1,0.000193237405825
1,0.000124707844188
1,0.000101085278504
1,0.000174396521958
1,0.000482775022741
1,0.000358016405384
1,0.000103780111232
1,5.86523325323e-05
1,0.000127766672338
1,0.000133612437037
1,0.000252402542927
1,0.000341576876551
1,0.000313495555351
1,8.64304317664e-05
1,0.000297856212543
1,5.24601826527e-05
1,0.000165984337313
1,0.000399198950841
1,0.0002370914939
1,0.000325284995661
1,0.000312396906873
1,0.000198750265751
1,0.000285808383323
1,0.000263056235733
1,0.000345151071751
1,0.000100587761416
1,0.00017456571814
1,0.000262187294252
1,0.000246665380352
1,0.000329153165885
1,0.000273942310647
1,0.000250200372621
1,0.000178143368942
1,0.000413886821038
1,0.00028953184073
1,0.000205809005273
1,0.000192837367003
3,0.000213846099036
1,0.000270180984763
1,0.000159946836416
1,0.000257072351779
1,8.58180081358e-05
1,0.000274177330689
1,0.000406104257488
1,0.000103709499465
1,0.00016157942094
1,0.000220878382368
1,0.000302138909074
1,0.000245820857234
1,0.000246176528086
1,0.000290243025095
1,0.000122954034307
1,0.000412369250838
1,0.000411502082053
1,0.00030081809581
1,0.000204608574683
1,0.000107147518032
1,0.000199212377187
1,0.000196126255419
1,0.000359277811482
1,0.000289061094367
1,0.00020520580443
2,0.000113121794946
1,0.000145463740605
1,0.000304789955375
2,0.000228162495072
1,0.000266233697962
1,0.000204961672806
1,0.000220231964161
1,0.000222098148789
1,8.46247851071e-05
1,0.000343105876001
1,0.0001637517518
1,0.000252894094269
1,0.000365429105102
1,0.000285206197884
1,0.000343532120737
1,6.06848029102e-05
1,0.000175616275338
1,0.000292876576081
1,0.000111691928896
1,0.000197430395546
1,0.000272951323272
1,7.85424823875e-05
1,0.000210682787605
1,0.000160633618998
1,0.000392724544794
1,0.000132882967314
1,0.000291582460253
1,0.000322391591206
1,0.000189158842791
1,4.9265593474e-05
1,0.000190651533926
1,0.000112738308673
1,0.000301637660196
1,0.000287755461108
1,0.00016798936087
1,0.000320824882965
1,4.56404836211e-05
1,0.000145016203254
1,0.000129224067156
1,0.000163082912495
2,0.00019529872641
1,0.000305299674613
1,0.000231526881025
1,0.000620934839556
1,0.000427983404407
1,0.000180045027878
1,0.000177105074884
1,0.000486335788778
1,0.00020521331975
1,0.000194428055174
4,5.39415648432e-05
1,0.000287556230183
1,0.000374071471605
1,0.00025999631451
1,0.000301331200988
1,0.000206203095404
1,0.000331211248989
1,0.000487459849674
1,0.000118794760494
14,5.22904816473e-05
1,0.000367162498617
1,0.000546839850579
1,0.000228643856442
1,0.000175171717321
1,0.000131582821974
1,0.000139466174915
1,0.000323418616625
1,0.000220599820084
1,0.000248953637108
1,0.000420088933618
1,0.000356430825615
1,0.000129415250917
1,0.000400387260047
1,0.000289411956133
1,0.00020597989
1,0.000211528583253
1,0.000243685625852
1,6.99793165318e-05
1,0.000361318633476
1,0.000382748424145
1,0.000132741435477
1,0.000184150166704
1,7.12144545967e-05
1,0.000440916258997
1,0.000240088468715
1,4.5651208224e-05
1,0.000345879352211
1,0.000254195056617
1,0.000330038597415
1,0.000127171220599
1,0.000272752058157
1,0.000127028987916
1,0.000243875981764
1,0.000207566279179
1,0.000224903224086
1,0.000289581348638
1,0.000332424646746
1,7.13178512511e-05
1,0.000113171528215
1,7.39926328054e-05
1,0.000142854611131
1,0.000249962416816
1,0.000231800827664
1,0.000118971146351
1,0.000158258651979
1,0.000124591453049
1,0.000255264005761
1,0.000299019033525
2,0.000161486565658
1,0.00010734128672
1,0.000254496196109
1,0.000434233447597
1,9.56916789213e-05
1,7.04547278939e-05
1,0.000246137270429
1,0.000130030603877
1,0.00016282446361
1,0.000305942656829
1,0.000145399328954
1,0.000185363125485
1,0.000322066683369
1,0.00015915044369
1,0.000476812988571
1,0.00021323945884
1,0.000230996031105
1,0.000565768501325
1,0.00021467811126
1,0.000106785599473
1,0.000404383528949
1,0.00035554069317
1,0.000482184465417
1,0.00150952758462
1,0.000263048140885
1,0.000160336297515
4,8.66583863408e-05
1,8.32298553774e-05
1,0.00018209940278
1,0.000249996284852
1,0.000246080502902
1,0.000239156167043
2,0.000111066784916
1,9.19336024561e-05
1,0.00010532847013
1,0.000275535053823
1,0.000318095581383
1,0.000386184990637
1,0.000195491081389
1,0.000225479976731
1,0.00016320997141
1,0.000274557764753
1,6.90903118375e-05
1,0.000157022178443
1,0.000327922802608
1,0.000340619982394
1,0.000180065700789
1,0.00024653733251
1,0.000241316897553
1,0.000221100228853
1,0.000397184480566
1,0.000620497090119
1,0.000195314628251
1,0.00021993812839
1,0.000185813452042
1,0.000162014059793
1,0.000359591491473
1,0.000161283342874
1,0.000442109036968
1,0.000360127297196
1,0.000136679866278
1,0.000296329905562
1,0.000469860276084
1,0.000361662184965
1,0.000150982580542
1,0.000131648704569
1,0.000600160822402
2,7.83548890324e-05
1,0.000175651791262
1,0.000184006855235
1,0.000195493695889
1,0.000129917173347
1,0.000221866918602
1,0.000233760446162
1,0.000139565924616
1,0.000128289599207
1,0.000338545401064
1,0.000292197791267
1,0.000312202871172
1,0.000186632237153
1,0.000137735280372
1,0.000276982342332
1,0.000155392792438
1,0.000228127171243
1,0.000450889800289
1,0.000122883607696
1,0.000105884350361
1,0.000153857810636
1,0.000142401918989
1,0.000103811922199
1,0.000356900628176
1,0.0003329429632
1,0.000169155946017
1,0.000397282072355
1,0.000217430565918
1,0.000237001384345
1,0.000269076319259
1,0.000528604320031
1,0.000292585730275
1,0.000191972761761
1,0.000267930640083
1,0.000183803771134
1,0.00010334097596
1,7.71279229737e-05
1,6.4259872166e-05
1,0.000261572043929
1,0.000337741335815
1,0.000514336220841
1,0.000289339591471
1,0.000316525947017
1,0.000224049216142
1,0.000163866928297
1,0.000266411834426
1,9.83394971133e-05
1,0.00031823128607
1,5.18569829762e-05
1,0.000225012730004
1,0.000493017599198
1,0.00026123630205
1,0.00024812152839
1,0.000163600686904
1,7.57737081977e-05
1,0.000154102893706
1,0.000303266077877
1,9.50135199071e-05
1,0.000194558103023
1,0.000370532503679
1,0.000233543436317
1,0.000172553693214
1,0.000327076444367
1,0.000198570325893
1,0.000372350147028
1,0.000328740552198
1,0.000119960537913
1,8.52846455261e-05
1,0.000163932551644
1,0.000340130228928
1,0.000257396564853
1,0.000135572448868
3,0.00011934499873
1,0.000116681575308
1,0.000325636269657
1,0.000217324638821
1,0.000284212291073
1,0.000478707204478
1,0.000134274839732
1,0.000476185221418
1,0.000346282772196
1,0.000221521670886
1,0.000256761573167
1,0.000238478463455
1,0.000208145897778
1,0.000170253597687
1,0.000288684718721
1,0.000196866064416
1,0.000221157163088
1,0.0002723786128
1,0.000271200773094
1,0.00021165900948
1,0.000167775799586
1,0.000385407089288
1,0.000302327094247
1,0.000303519503333
1,0.000165941784212
1,8.89858578155e-05
1,0.000116322327407
1,0.000210592206247
1,0.000223757416629
1,0.000165206843794
1,0.00046711110711
1,0.000335996141348
1,0.000298008633019
1,0.000204972200463
1,0.000312587541031
1,0.000213189085297
1,0.000138474005889
1,0.000270353668822
1,0.000237361738054
1,0.000259229169334
1,0.000282232940797
1,0.000211245622711
1,0.000212207966042
1,5.1130410399e-05
1,0.000279578221175
1,0.000225162239903
1,0.00029075557631
1,0.00013561864159
1,0.000176346653488
3,4.66859829859e-05
1,0.00046151641076
1,0.000107035286815
1,0.000538718442424
1,0.000373650706741
1,0.000371071440132
1,0.000243554852225
1,0.000351286078931
1,0.00027160976887
1,0.000133982582043
1,0.000205513957099
1,0.000487556856247
1,0.000317066206132
1,4.90262449783e-05
1,0.000154749060371
1,0.000108963329721
1,0.000293234618696
1,0.000195825023931
1,0.00022212334148
1,0.000301173754401
1,0.000244075586218
1,0.000210562567789
1,0.000333708046475
1,0.000149340298361
1,0.000313937043917
1,0.00044141949053
1,0.000284877227926
1,0.000281483686319
1,0.00042961395931
1,0.000184902853995
1,0.000421248332455
1,0.000365745995527
1,0.000289539483246
1,0.000222948016195
1,0.000122447940173
1,0.000290555172172
1,0.000205903442849
1,0.000284284106443
1,0.000281878545089
1,0.000381680246205
1,0.000278097556472
1,0.000220688615069
1,0.000215144075402
1,0.000236394916338
1,0.000253134074019
1,0.000230086045446
1,0.000329778948265
1,0.000377755311335
1,0.000210402256971
1,0.000160124398233
1,0.00016995797714
1,0.000151432386088
1,0.00018668326506
1,0.000263361853751
1,0.000144595372857
1,8.26298727438e-05
1,7.78998327641e-05
1,0.000250405835766
1,0.000258446329232
1,0.000149859158529
1,0.000127824255997
1,0.000393577242101
1,0.000304014151708
1,0.000276104901898
1,0.000257694703864
1,0.000249265685211
1,0.000561535889902
1,0.000529207298917
1,0.000246613100186
1,0.000229185245595
1,0.000251734117248
1,9.15735285261e-05
1,9.94790848567e-05
1,8.93085685611e-05
1,0.00043113758615
1,9.29184160196e-05
1,0.000281353079773
1,0.000199928790383
1,0.000248623497242
1,0.000146253439989
1,0.000283965090952
1,0.000133486197167
1,0.000268439853721
1,0.00036276703759
1,0.000334273599879
1,0.000178631827726
1,0.000398542637972
1,0.000234476469885
1,0.000190029343434
1,0.000328795767734
1,8.68094643767e-05
1,8.69705174092e-05
1,0.000142159848518
1,0.000174808160623
1,0.000111390098348
1,0.000206873858803
1,8.16932167869e-05
1,0.000346703121614
1,0.00049019265619
1,0.000260532108969
1,0.000764756954003
1,0.000185994971524
1,0.000347168161614
1,0.000239331440161
1,0.000287194711935
1,0.00026154717199
1,0.000148206773209
1,6.06243324691e-05
1,0.000364170545099
1,0.000110814883562
1,9.3620713316e-05
1,0.00012303555037
1,0.000188086729212
1,0.000273111173085
1,0.000158185078657
1,0.000289194738853
1,0.000364520320514
1,0.000178526751815
1,0.00028054468308
1,0.000104003551369
1,0.000189923424211
1,0.000342276751142
1,0.000175721748817
1,0.000151619653697
1,0.00028191430461
1,0.000103067726196
1,0.000392374999644
1,0.000217361746424
1,0.000228774116184
1,0.00022120690449
1,0.000216151724311
1,0.000269262967779
1,7.09649397272e-05
1,0.000523786834902
1,0.000154931479574
1,0.000110110766502
1,0.000247410539696
1,0.00023927956879
1,0.000359591384905
1,5.8134770605e-05
1,0.0003614965008
1,0.000413654210408
1,0.000273832027626
1,0.000207632214685
1,0.000115521638463
1,0.000157851864462
1,0.000233177352143
1,8.51533115213e-05
1,0.000334871885712
1,0.000298156052949
1,0.000122702919822
1,0.000184606915516
1,0.000560075805201
1,0.000135158939432
1,0.000153899556867
1,0.000268607581299
1,0.000104530272022
1,0.000236176229279
1,0.000225652505141
1,0.000274056277633
1,0.00037245331896
1,0.000196906881674
1,0.000220992090656
1,0.000225109316921
1,0.000122587632501
1,0.00032767977169
1,0.000171972949173
1,0.000320142633719
1,0.000153551904933
1,7.95182089135e-05
1,0.000110666433595
1,0.000256942579542
1,0.000137888363591
1,0.000101840959816
1,0.000257120346388
1,0.000248762852558
1,0.000365354499177
1,0.000303202802688
1,0.000391215801725
1,0.000195803828032
1,0.000385718743526
1,0.000263615679237
1,0.000270976953829
1,0.000407070200686
1,0.000312572799635
1,0.000319768782566
1,0.000112453416777
1,0.000192560797487
1,0.000274200466761
1,0.000261275411698
1,0.000310653100202
1,0.000208023943669
1,0.000380711571491
1,0.000411734877322
1,0.000218330205622
1,0.000116453749457
1,0.00018771123811
1,6.47960199924e-05
1,0.00015867375144
1,0.000320987996682
1,0.000249396065849
1,0.000146884149808
1,0.000141324636655
1,0.000306708890533
1,0.000273637960613
1,0.000292800597455
1,0.000245399739714
1,0.00021649066604
1,0.000198590023301
1,0.000237828316127
1,0.000315738150187
1,0.000308568358726
1,0.000304448342586
1,0.000349689439736
1,0.00012636594776
1,0.000192183230631
1,0.000324267418801
1,0.000224459844905
1,7.9401405699e-05
1,0.000451904119041
1,0.000382681201847
1,0.000126473606668
1,0.000215109138478
1,0.000186776171671
1,0.000333580250872
1,0.000294432150871
1,0.000243911328356
1,0.000316907551932
1,0.000214749795625
1,0.000168524200547
1,0.000349354392033
1,0.000276322431783
1,0.000128910048451
1,0.000117176807001
1,0.000153462553602
1,0.000174370894637
1,0.00030958567104
1,0.000462064235898
1,0.000280959058863
1,0.000347374639698
1,0.0003124301759
1,0.00019305955192
1,0.000275237017447
1,0.000541841179716
1,0.000337853192811
1,9.97596152267e-05
1,9.12849452774e-05
1,0.000322256489165
1,0.00021783368646
6,0.00022973716539
1,0.000141434634199
1,0.000206538420073
1,0.000260865956955
1,0.000268081115259
1,0.000293779262499
1,0.000527771840827
1,0.000740978674334
1,0.000316049385913
1,0.000365412513794
1,0.000383859345666
1,0.000571564531725
1,0.000167564247604
1,0.000291299020141
1,0.000258184157507
1,0.000257139416426
1,0.000131916124258
1,0.000134134142069
1,0.000191525012284
1,0.000340418917173
1,0.000316926525576
1,0.000356531429293
1,0.000123432233999
1,0.000254381053858
1,0.00011443149887
1,0.000324773169562
1,0.000232476742191
1,0.000141339410547
1,0.000368770253055
1,0.000274300031029
1,6.76527082971e-05
1,0.000635809918414
1,0.000192719928808
1,0.000305512642778
1,0.000148675375602
1,0.00016503952711
1,0.000228029757011
1,0.000399218021817
1,0.000193306806832
1,0.000124133996588
1,7.4112182301e-05
1,0.000149595892435
1,0.000174440302129
1,0.000340383409289
1,0.000309565633259
1,0.000169305952027
1,0.000334282033964
2,0.000176305402764
3,0.000273436966314
1,6.46770885204e-05
1,0.00024967253136
1,0.000296892772072
1,0.000273727146921
1,0.000242266506857
1,0.000107022056929
1,0.00018484456103
1,0.000241857683345
1,0.000263319806592
1,0.000366561233795
1,0.000199987077585
1,0.00021418858642
1,0.000364927268886
1,0.000119806230147
1,0.000148562338604
1,0.000129968547502
1,0.000291693022
1,0.000299924174281
1,0.000159537699564
1,0.000384639006312
1,0.000222204424509
1,0.000166677514474
1,0.000231912029362
1,0.000216664528328
1,7.84594361781e-05
1,0.000273857561217
1,0.00015654488228
1,0.000309965380382
1,0.000232935050456
1,0.000368172495538
1,0.000204058708157
1,0.000116355224281
1,0.000242664350447
1,0.000271720263863
1,0.000100950551899
1,0.00018931746318
1,0.000273481155105
1,9.04697765923e-05
1,0.000228990811335
1,0.00012890420842
1,0.000117734819984
1,0.000264358456451
1,0.000261831289935
1,0.000361054415651
1,0.000145650497775
1,0.000264803983724
1,0.000107443859059
1,0.000408374792035
1,0.000176762658772
1,0.000163154775035
1,0.000199135676225
1,0.000302491451369
1,0.00015238012873
1,0.000226327085023
1,0.000631269275329
1,0.000395529471492
1,0.00039769469044
1,0.000690102687725
1,9.76060244421e-05
1,0.00022154993503
1,0.000171381582588
3,0.000278090889769
1,0.000247636967385
1,0.00022247405999
1,0.000164124143195
1,9.70311803261e-05
1,0.000306107571107
1,0.000167539270453
1,0.000258102594062
1,6.77714187241e-05
1,0.000288300412977
1,0.000354111497001
1,0.000415673699123
1,0.000619071453102
1,0.000413618339135
1,0.000163270086716
1,0.00030270962488
1,0.000231165583754
1,0.000229594003243
1,0.000424876819086
1,0.000240579720209
1,0.000249943019136
1,0.000189062345498
1,0.000265062943526
1,0.000577175714507
1,0.000305786058198
1,9.15931043317e-05
1,0.000155458197378
1,0.000214578897112
1,0.000257907760243
1,9.94458607875e-05
1,0.00027175192689
1,0.000216782265688
1,0.000372576127423
1,0.000178372186373
2,0.000109741297145
1,0.000106551650393
1,0.000451426449914
1,0.000453635842165
1,9.60475685835e-05
1,0.000308976496572
1,5.19847522608e-05
1,0.000253461790732
1,0.000213820963654
1,0.000293493433921
1,0.000219634185548
1,0.00045655271156
1,0.000341361942273
1,0.000288955857275
1,0.000152862417114
1,0.000211763973381
1,0.000203356774659
1,0.000402528031186
1,8.25534128027e-05
1,0.000311444862074
1,7.5715577633e-05
1,0.00026073713603
1,0.000210718653159
1,0.000245558288773
1,0.000233377954967
1,0.000560908403053
1,0.000329585630763
1,0.000201389927715
1,0.000132394781838
2,8.8836978518e-05
1,0.000154523882773
1,0.000203029023942
1,0.000216119347181
1,0.00026781611102
1,0.000512100247455
1,0.000261384222712
1,0.000282256550463
1,0.000196397673609
1,0.000208969771057
1,0.000262410586297
1,0.000183203536616
1,0.000166317396508
1,0.000287124875842
1,6.97387530421e-05
1,0.000349521177713
1,0.000176855688455
1,0.000163704918658
1,0.0002793711239
1,0.000355159429872
1,0.000248050209541
1,0.000476707054445
1,0.0001811941742
1,0.000163971359326
1,0.000266237092851
1,0.00010002981492
1,0.000870960578553
1,0.000243935093471
5,4.45199741265e-05
1,0.000319356010804
1,0.000411581253468
1,0.000137819082029
1,0.000188943267939
1,0.000404360331526
1,0.000161247170193
1,0.0001920412136
1,0.000188423348443
1,0.000440197165257
1,0.000454267697848
1,8.26192312229e-05
1,0.000166053192083
1,0.000172028090255
1,0.000619952285553
1,0.000149597566046
1,0.000263321914262
1,0.000119097685784
1,0.000379747056205
1,0.000233667101
1,0.000368327542285
1,0.000112263714083
1,0.000367036207011
1,0.000398277103435
1,0.000257640483368
1,6.99555170602e-05
1,0.000175073173799
1,8.13971724254e-05
1,0.000196354822797
1,0.000248511675276
1,8.42435429434e-05
1,0.000417929665408
1,0.000213220105567
1,0.000599455659902
1,0.000481534516153
1,0.000187207478602
1,0.0002348731271
1,0.000331776166263
1,9.7371733328e-05
1,8.96747210488e-05
1,0.000314597082792
1,0.000159737189769
1,0.000300191119665
1,0.000469871342329
1,0.000301729391175
1,0.000312537691592
1,0.000244110692633
1,4.55667599951e-05
1,0.000328316728237
1,0.000443763892342
1,0.000192200100758
1,0.000175415326764
1,0.000182026162772
1,0.000219229207238
1,5.2731461331e-05
1,0.000160885678112
1,0.000258207102229
1,8.38621815017e-05
1,0.000154982657755
1,0.000136882562915
1,0.000362330352915
1,0.000176820950931
1,0.00025473622431
1,0.000796352402343
1,0.00024379835846
1,0.000203883202931
1,0.00024103604473
1,0.000108195644452
1,0.000232883743549
1,0.000355475941302
2,9.43782869166e-05
1,0.000233316724049
1,0.000163316360573
1,0.000397799333325
1,0.000157612295348
1,8.80003201925e-05
1,0.000306967419331
1,0.000150740312725
1,0.000263609191896
1,0.00021714564755
1,0.000190471881397
1,9.70567728215e-05
1,0.000274006893923
1,0.000303882661478
1,0.000183143899513
1,0.000158511029494
1,0.000202061361732
1,0.00022288833391
1,0.000290156809298
1,0.000224729253529
1,0.000235228723364
1,9.38806972789e-05
1,0.000243628558913
1,0.000318003262996
13,4.88360605923e-05
1,7.8129000657e-05
1,0.000191552415385
1,0.00013053812421
1,0.00047504954077
1,0.000133279777932
1,0.000459001052174
1,0.000514224007767
1,0.00041683870106
1,0.000292668504885
1,0.000102960797478
1,8.5177677256e-05
1,0.000367203641968
1,0.000150533378086
1,0.000161197993417
1,7.41981401772e-05
1,0.00012780759771
1,5.82330766054e-05
1,0.00050232635725
1,0.000223727761547
1,0.000166720064654
1,0.000191270681988
1,0.00022070936341
1,0.000101262653659
1,0.000263987127511
1,0.00017908107552
1,0.000141054479873
1,0.000291328520578
1,0.000155634929205
1,0.000257027924351
1,0.000133255686178
1,0.00030922674916
1,0.000184840898813
1,0.000274407108058
1,0.000330342688895
1,0.000263068786369
1,0.000142522125423
1,0.000379629562245
1,0.00021894511076
1,0.000239307137131
1,0.00063142461527
1,0.000116477759745
1,0.000244854390981
1,8.79889270483e-05
1,0.000337350297648
1,0.000165075957294
1,0.000133589148391
1,0.000201190927798
1,0.00053825847851
1,7.33934783747e-05
1,0.000183891157574
1,0.000281540925813
1,0.000287830644875
1,0.000215415379478
1,0.000310052004728
1,0.000320692267225
1,9.74341249415e-05
1,0.000376774052318
1,4.73725909195e-05
1,0.000337694148477
1,0.000411585184904
1,9.05025258768e-05
1,0.000277340605719
1,0.00028904533048
1,0.000213960345072
1,0.000262041770612
1,0.000324243951773
1,0.000296513794324
1,0.000263043121629
1,0.000400081405649
1,0.000180405762728
1,0.000129096224898
1,0.000295050833684
1,0.000138903337502
1,0.000273448296351
1,0.000219644754639
1,0.000220879463684
1,0.000180062201795
1,0.000237935127273
1,0.000254833380913
1,0.000321619393037
1,0.000178101530517
1,0.000197589227448
3,0.00025584503151
1,0.000306343290711
1,0.000244314188282
1,0.000287952870782
1,0.000272332493377
1,0.000119282423019
1,0.000292071564773
1,0.000453717850826
1,0.000321864750704
1,0.000180593447642
1,8.80857703419e-05
1,0.000209886059283
1,0.0003681864631
1,0.000359928280821
1,0.000158982237548
1,0.000245744802689
1,0.000257694223121
1,0.000249277544443
1,0.000167729794665
1,0.000153169665357
1,0.00026932135842
1,0.000272263071977
1,0.000370695925347
2,0.000307377461087
1,0.00028847416537
1,0.000289416443433
1,0.000280696590299
1,0.000188039686135
1,0.000150069493806
1,0.0001473169754
1,0.00030399335017
1,0.000204159587603
1,0.000159879789347
1,0.000279072864054
1,0.00016031151606
1,0.000221510848432
1,0.000541187583051
1,0.0026708316162
1,0.000370872374084
1,0.000233096873267
1,0.000210925544345
1,8.49966079539e-05
1,0.000232498121233
1,0.000249522520739
1,0.000111509369022
1,0.00020868081662
1,0.000251453327735
1,0.000297486826896
1,0.000304665954335
3,0.000147234886775
1,0.000218211186638
1,9.06205546451e-05
1,0.000167070424292
1,0.000140564156165
1,0.00039575650792
1,0.000229110451189
1,0.000164401449824
1,0.000430170696765
1,7.25706314509e-05
1,0.000208222074444
1,0.000171630635126
1,0.000246089182875
1,9.76853977599e-05
1,0.000135655809412
1,0.000125477512378
1,0.000392408124608
1,6.85495168137e-05
1,0.000238158289574
1,0.00019822922504
1,0.000209759263898
1,0.000269115870971
1,0.000752482152037
1,6.79971071255e-05
1,0.000135271841226
1,0.000114183175196
1,0.000382803034532
1,0.000257064366894
1,7.05914613861e-05
1,0.000343443064681
1,0.000179637237129
1,0.00014629324404
1,0.000517690465593
1,0.00015967534794
1,0.000238775728397
1,0.000312106672999
11,4.33946847726e-05
1,0.000116212141851
1,0.000332424510719
1,0.000254614303727
1,0.000254174131113
1,0.000300299597379
1,0.000211508166645
1,0.000224143464064
1,0.000348704401879
1,0.000143738824762
1,0.00018010002683
1,0.00022543809179
1,0.000242125867717
1,8.1089776547e-05
1,9.9093348601e-05
1,0.000339045093751
3,0.000129688775306
1,0.000266488245436
1,0.000229349253247
1,0.000220880282894
1,0.000247365551364
1,0.00047926977264
1,0.000366605460137
1,0.000193131660875
1,0.000263725645885
1,0.000185816137437
1,0.00038420948488
1,0.000325064538823
1,0.000197739884112
1,0.000461142826496
1,0.000175113372411
1,0.000183056127806
1,0.000153972747746
1,0.000367787278101
1,0.000177166503311
1,0.000362295611343
1,0.000570069024481
1,0.000155011623127
1,0.000300872990384
1,0.000206424129045
1,0.000228066626974
1,0.000150687737347
1,0.00022298571471
1,0.000521203008085
1,0.000165110866257
1,0.000146019744711
1,0.000195527064964
1,0.000216714642073
1,0.00029931430122
1,9.32487738514e-05
1,0.000130110983107
1,0.000191713495128
1,0.000127813116666
1,7.84865385989e-05
1,0.000374949470743
1,0.000209409994469
1,0.000619827616829
1,0.000365191374638
1,0.00017115716568
1,0.000297356776976
1,0.000175083708163
1,0.000365869691746
1,0.000161622907537
1,0.000168965413161
1,0.000227162286241
1,0.00065266333737
1,0.000122346466784
1,0.000199897975781
1,0.000334053105459
1,0.000342510712311
1,0.000323370281097
2,9.74371089278e-05
1,0.000244102956606
1,0.000160224733471
1,0.000121595181082
1,9.65472579101e-05
1,0.0012163165654
1,0.000135616549116
1,0.000321479896477
1,4.96422351888e-05
1,0.000100409670562
1,0.000125979465606
1,0.000171368118335
1,9.25528067436e-05
1,0.000266128285873
1,0.000351404111648
1,0.000273475401111
1,0.000234108501008
1,0.000448216506559
1,9.90635590835e-05
1,0.000268975078594
1,0.000245003121778
1,0.0002528226511
2,9.13620412997e-05
1,7.87979649117e-05
1,0.000148308462482
1,0.000560220681703
1,0.000318454275544
1,0.000125970161868
1,0.000300096538135
1,0.00027066064838
1,0.000143730877751
1,0.000402943908797
1,0.000246126460085
1,0.0005447397978
1,7.58023356197e-05
1,0.000100632787905
1,0.000260844236508
1,0.000190936497388
1,0.000220918492938
1,0.000155338088651
1,9.27685842798e-05
1,0.000353073999015
1,0.000119004725796
1,0.000453867944416
1,0.000326023347756
1,0.000155138674066
1,0.000445727606012
1,0.000346953596658
1,0.000362691716843
1,6.5963109987e-05
1,0.000214153139873
1,0.000214858058717
1,0.000211797424878
1,0.000480984800251
1,7.69220348011e-05
1,9.29847581818e-05
1,0.000162426716757
1,0.000449791166002
1,0.000408996745635
1,0.000213733798253
1,0.000405959294422
1,0.000377542248386
1,9.69401989651e-05
1,0.000216260996231
1,0.000279185540409
1,0.000177959819266
1,0.000532602831707
1,0.000322749184003
1,0.000298926528838
1,0.000280160178414
1,0.000246614095225
1,0.00126395519881
1,0.00029779469338
1,0.000190033970589
1,0.000303978364406
1,0.000260823693781
1,0.000193977259072
1,0.00026812034308
1,0.000165541658936
1,7.33894611693e-05
1,0.000285603774763
1,0.000301135551778
1,0.000208317734922
1,0.000209361116661
1,0.000180746289297
1,0.000454895178485
1,0.000307923472673
1,0.00017661361251
1,0.000152711609981
1,0.000629474055002
1,7.95521620299e-05
1,0.00012836488344
1,0.000389589733679
1,0.00033003124427
1,0.000264975868407
1,0.000314047170247
1,0.000139031909957
1,0.000177433467641
1,0.000211599589204
1,0.000184018339415
1,0.000235710299964
1,0.000405822428287
1,0.00078276735276
1,0.000434556885323
1,6.47961576652e-05
1,0.000276133439931
1,0.000213040569182
1,0.000314996537185
1,7.36124412158e-05
1,0.000292276326482
1,0.000271267009457
1,0.000287067215091
1,0.000301281063417
1,0.000355245972602
1,0.000215397757479
1,9.12094074724e-05
1,0.000100467287641
1,0.00018695747347
1,7.31227655926e-05
1,5.72436607571e-05
1,0.000301292230435
1,0.000237807572313
1,0.000227038978714
1,8.91363396154e-05
1,0.000250753535455
1,8.97733740595e-05
1,0.000293404843345
1,0.000239223982981
1,0.000459653535432
1,0.000264579496316
1,0.000398145976732
1,0.000212455090511
1,0.000347870859505
1,0.000100365245746
1,0.000336051457301
1,0.000283760876875
1,0.000260333859576
1,0.000108487229979
1,0.000325801924471
1,0.000175313643059
1,0.000194419902664
1,0.000303016957363
1,0.000477026461358
1,0.000344709722884
1,0.000185374141775
1,0.000414839598641
1,0.000237055305803
1,0.000137927713551
1,0.00030155161694
1,0.000261972430067
1,6.31616096092e-05
2,9.42711371415e-05
1,0.000192280190956
1,0.000286610693922
1,0.000386780804724
2,0.000181718748485
1,0.000367544529398
1,0.000272393002279
1,7.26803194666e-05
1,0.000249909867175
1,0.000301104417463
1,9.27984721691e-05
1,0.000127444351028
1,0.000209094544896
1,0.000170905645396
1,0.000462699453577
1,0.000188792181066
1,0.000333466803973
1,0.000513391758775
1,0.000176744642799
1,0.000139859308239
1,0.000414426374004
1,0.000511478562023
1,0.000325843607073
1,0.000451497802116
1,0.00018028620316
1,9.34813323065e-05
1,0.0001852036199
1,0.00011687114171
1,0.00025753553573
1,0.000117680845279
1,0.000153902223549
1,0.000138799083456
1,6.09797262937e-05
1,0.000224108429823
1,0.000287582274213
1,0.00437212411281
1,0.000342158445966
1,0.00011185099731
1,7.86518691639e-05
1,0.000445226769943
1,0.000143607331069
1,0.000295111466572
1,0.000220767048558
1,0.000257230002414
1,0.000596660092303
1,0.000217031758303
1,0.000155196575107
1,0.000115952071519
1,0.000462621932848
1,0.000178428492264
1,0.000232552426421
1,0.000484468240836
1,0.000184390412079
1,0.000198050734002
1,0.000272943784579
1,0.000337561648211
1,0.000226208930191
1,0.000152027051909
1,0.000140452338664
1,0.000147302709244
1,0.000120594976544
1,0.00010844681087
1,0.000210129560127
1,0.000155829934739
1,0.000162208841791
1,0.000192442851185
1,0.000143038799262
1,0.000355402554908
1,0.00012650836818
1,0.00020115102337
1,0.000360610536993
1,7.83393533002e-05
1,0.000536431609803
1,0.000153293055283
1,0.000146561205741
1,0.000128030171211
1,0.000212021355052
1,0.000112472605995
1,0.00013044587497
1,5.75406025006e-05
1,0.00027266128361
1,0.000105548142332
1,0.000142908695932
1,0.000123083175728
1,7.18388629837e-05
1,0.000184577673498
1,0.000267532613294
1,7.75039980872e-05
1,0.000436748852164
1,0.000216501590593
1,0.000460844623273
1,0.00044604889967
1,0.00012901450335
1,0.000580921460789
1,0.000107539451716
1,0.000411282225466
1,0.000221800540664
1,0.000306297544233
1,0.000136221176245
1,0.000333235726356
1,0.000298885113905
1,0.000155071209418
1,0.000152241557273
1,0.000266431927472
1,0.000167623156332
1,0.000329103843443
1,0.000120500892107
1,0.000147915315857
1,0.000372911180387
1,0.000461141456354
1,0.000272926376302
1,9.42491855032e-05
1,0.000198510446337
1,0.00028783126658
1,0.000146055346706
1,0.000169457695842
1,0.000437559012875
1,0.000146409254928
1,0.000121469307002
1,0.00030856275257
1,0.000166162702926
1,0.000131175995705
1,0.000258249335295
1,0.000552912263786
1,0.000177053669359
1,0.000187387757633
1,0.000256531773013
1,0.000112676279801
1,0.000274188717536
1,8.614094089e-05
1,0.000201230730463
1,7.92032107144e-05
1,0.000126545253306
1,0.000287318000129
1,0.00039747329264
1,0.000111708249471
1,0.000298921550119
1,0.000260732763054
1,0.000167689292759
1,0.000283247728951
1,0.000171615952605
1,0.000308138620886
1,0.000223261844308
1,0.000362943921671
1,0.000199786130489
1,0.000346425636831
1,0.00038053204788
1,0.000220425807511
1,0.000253252092878
1,0.000209554759918
1,0.000200643586998
1,0.000259112768126
1,0.00031111872267
1,0.000141502726693
1,0.000199423558873
1,0.000184282749039
1,0.000135729394461
1,0.000146658840833
1,0.000348745368282
1,0.000159227685195
1,0.000218438053002
1,0.000228670335495
1,0.000101625221991
1,9.16150123438e-05
1,0.000112533818241
1,0.000191266798511
1,0.00047212243392
1,0.000347109790463
1,0.000208303131224
1,9.54115179592e-05
1,9.27071061555e-05
1,0.000124298527017
2,0.000147890405874
1,0.000291643964194
1,0.000127893647707
1,0.000217318092199
1,0.000171466945231
1,0.000118322631714
1,0.000169339940384
1,0.000183211047415
1,0.00019334955773
1,0.000198743682541
1,0.000410096363809
1,0.000294596278695
1,0.00050928039921
1,0.000150050563217
1,0.000227670032432
1,0.000216254975811
1,0.000114273927388
1,0.000333886170773
1,0.000347882597167
1,0.000258272126916
1,0.000208233248652
1,0.000445493698646
1,0.000323605492124
1,7.37816404535e-05
1,0.000127554729221
1,0.000383776569702
1,0.000137528550144
1,0.000498614468466
1,0.000341252200245
2,0.000167567763413
1,0.000173338742515
1,0.00017603129738
1,0.000203464495689
1,0.000218752525402
1,0.000190786476267
1,0.00033322287001
1,0.000375743585865
1,0.000142725139941
1,9.57611585603e-05
1,0.000417445030423
1,0.000236507557469
1,0.000280730805613
1,0.000233095503781
1,0.000243522006241
1,0.000309089017229
1,0.000310546347881
1,0.000111318741681
1,0.000145613890742
1,0.000240511960888
1,8.31454756597e-05
1,0.000142774359083
1,0.000190668256807
1,0.000321997662774
1,0.000392784937614
1,0.000175187383618
1,0.000229703276254
1,7.41957581454e-05
1,0.00022231037414
1,0.000326510479872
1,0.000248090547914
1,0.000354571739615
1,0.000129665144229
1,0.000252502778243
1,0.000265831600973
1,0.000353222157974
1,0.000245415166179
1,0.000172550625989
1,0.000236004909763
1,7.27317345419e-05
1,0.000893609396921
1,0.000254859141929
1,0.000160923210385
1,0.000167772497627
1,5.04312210137e-05
1,8.10759430444e-05
1,0.000185727359628
1,0.000161597257449
1,0.00024319426095
1,0.000151048378497
1,0.000288680088633
1,0.000156537120296
2,0.00025555534919
1,0.000160946704056
1,0.000160633434066
1,0.000321144954108
1,0.000188225924004
1,0.00012917161354
1,0.000172988652853
1,0.000316798621879
1,0.00045107999339
1,0.000129372535953
2,0.000189473866133
1,0.000190928751999
1,0.000190262575827
1,0.000116674197989
1,0.000322259358184
1,0.000158338211381
1,0.000335212715508
1,0.000448391560558
1,0.000300239878839
1,0.000171489142098
1,0.000333951686817
1,0.000511795461257
1,0.000373761359458
1,0.000209303278821
1,0.000382689272282
1,0.000181095530652
1,0.000368799521322
1,0.000101313373872
1,0.000250157877292
1,0.000243138044356
1,0.000238831310666
1,0.000334397265984
1,0.000413416283404
1,0.000188401365702
1,0.000126132046226
1,0.000500088009923
1,0.000305770011252
1,0.000170420217005
1,0.000109349619825
1,0.000233038272417
1,0.000338474739947
1,0.000145780247065
1,0.000342931738593
1,0.000236900714016
1,0.000228165637635
1,0.000311891427564
1,0.000225274500146
1,0.000164506481803
1,0.000375011135908
1,0.000154408021848
1,0.000135588416771
1,0.000206517326734
1,0.000119756542104
1,0.000206355256742
1,0.000311978426609
1,0.000331798736465
1,0.000110268549358
1,0.000179581704893
1,0.000297055917569
1,0.000231940428403
1,0.000210461940833
1,0.000357108934291
1,0.000507506897295
1,0.000346351191142
1,0.000236346479618
1,0.000284821895417
1,0.000159636292515
1,0.000328062741692
1,0.000121905404817
1,0.00013570466196
1,0.000203246625112
1,0.00202144078778
1,0.00038247183022
1,0.000161235644117
1,0.000331606277796
1,0.000150890309548
1,5.64271547756e-05
1,0.000289299098927
1,0.000266769716289
1,0.000111497756147
1,0.000247661871269
1,0.000135500040402
1,0.000152598954435
1,0.000315312429365
1,0.000262253264045
1,0.000258876314335
1,0.000437491769259
1,0.000897490727575
1,0.000151652206635
1,0.000307475697649
1,0.000448662808635
1,0.000254735282953
1,0.000220157125635
1,8.67514284946e-05
1,0.000579971871488
1,0.000296500311423
1,0.000202463436172
1,0.000348922432606
1,0.00013204171451
1,0.000169113591119
1,0.000182602684681
1,0.000137852887064
1,0.000251126958841
1,0.000227215979461
1,0.000281936873675
1,0.000160671138183
1,0.00042453945036
1,0.000144891883025
1,0.000147913658813
1,0.000222778912322
1,0.000261632354611
1,0.000239783236572
1,0.000200119718968
1,0.000158608550131
1,0.000193840081624
1,0.000203101136339
1,0.000213900274117
1,6.43608588983e-05
1,0.000275245212316
1,0.000221423710062
1,0.000421227851081
1,0.000117807980396
1,0.000458148190072
1,0.000235232645504
1,0.000142401079167
1,0.00024582272906
1,0.000243002113592
1,0.000194517698656
1,0.000311097552398
1,0.000222836344232
1,0.000332121562655
1,0.00029186912365
3,0.000123738768802
1,0.000254141692108
1,0.000216257688466
1,0.000249695739585
1,0.000213894595111
1,0.000182328344931
1,0.000181303509733
1,0.000164430162587
1,0.000187308899233
1,9.60475685835e-05
1,0.000131280033295
1,0.00011976030662
1,0.000673549944531
1,0.000104490208198
1,6.02410820223e-05
1,0.000414198339235
1,0.000546516819754
1,0.000239405954879
1,0.000174633624631
1,0.000296459926138
1,9.8169399101e-05
1,0.00021704659355
1,0.000448413969879
1,0.000396442950971
1,0.000375273052787
2,4.81180682275e-05
1,0.000195740611339
1,0.000405139647361
1,0.000237523918062
1,0.00030435939699
1,0.000583890733108
1,0.000214802473615
1,0.000227346937627
1,0.00026057818234
1,0.000157030419021
1,0.00030751646837
1,0.000174135615951
1,0.000312468287398
1,0.00065365286586
1,0.000326618279814
1,0.00014927359657
1,0.00042294109996
1,0.000511477844359
1,0.000183468134585
1,0.000134738707608
1,0.000758236382238
1,0.00029623366341
1,0.000306559478683
1,0.000256865570821
1,0.000420616048543
1,0.0003738610004
1,0.000155795437392
1,0.000198647072527
1,0.000108037959063
1,0.000537930669954
1,9.73520232388e-05
1,0.000362016223853
1,0.000241252332981
1,9.67406323122e-05
1,0.000218664419279
1,0.000352306901825
1,0.000122069581947
1,0.000145644001865
1,0.000100070325131
1,0.000384487309804
1,0.000224997696663
1,0.000212389722794
1,0.000153962186273
1,0.00032143597497
1,0.000291594856798
1,0.000267105143399
1,0.000179590877366
1,0.000333128758484
1,0.000146826199207
1,0.000203360629314
1,0.000293246313482
1,0.000614218232609
1,0.000185113746442
1,0.00035003926893
1,0.000153478804051
1,8.29395215828e-05
1,0.000137882696395
1,0.000207908267878
1,0.000186507672238
1,0.000178701379289
1,7.72939132942e-05
1,0.000140268735038
1,0.000252320346585
1,0.000134475211771
1,0.000271583618635
1,0.000305110735708
1,0.000127258329256
1,0.000239896001323
1,0.000277587305982
1,0.000193434039971
1,0.000304044905674
1,0.000376967619205
1,0.000155742976346
1,0.000118034221921
1,0.000258038211875
1,0.000167095606558
1,7.09048352993e-05
1,0.000282855050913
1,0.000165962504606
1,0.00016516271362
1,0.000193576020512
1,0.000475841986526
2,9.75174242868e-05
1,0.000147452637171
1,0.000386075661129
1,0.000336965357181
1,0.000264248197417
1,0.000237242158278
1,4.72423847259e-05
1,0.000193651190648
1,0.000327181535172
1,0.000444700465796
1,7.69230502569e-05
1,9.82907557498e-05
1,0.000429825943634
1,0.000259599542257
1,0.00013978256128
1,0.000213838842733
1,0.000190315489717
1,8.42135578414e-05
1,6.51431861068e-05
1,0.000151438292711
1,0.000291628616737
1,0.000312899365155
1,0.000179507398044
1,0.000241059811685
1,0.000262447762125
1,0.000125655410675
1,0.000243636416402
1,0.00014682832908
1,0.000302416756316
1,0.000390544087874
1,0.000189589077117
1,0.000134385435903
1,0.000126165736169
1,0.000303923865013
1,0.000181101988205
1,0.000228484389316
1,7.63666595928e-05
1,0.000120905670014
1,0.000487015300032
1,0.000173215801167
2,0.000145809617465
1,0.000445413135305
1,4.91165203228e-05
1,0.000273019367492
1,0.000181633302325
1,7.54922405252e-05
1,0.000266482415301
1,0.000132636801094
1,0.000212290523297
1,7.29173994193e-05
1,0.000189124704284
1,0.00029339198198
1,0.000227760019843
1,0.000329470797611
1,0.000244171547115
1,0.000229955885802
1,0.000208205087194
1,0.000142393363411
2,9.76596871343e-05
1,0.000133717020127
1,0.000223586631646
1,0.000371236814855
1,0.000203920734294
1,0.000336902781612
1,0.000276683211291
1,0.000188545095572
1,0.000131888486504
1,0.000207032879788
1,0.000188057749431
1,0.000152532486751
1,0.000341080437037
4,0.000272001853702
1,0.000301198270928
1,0.000229658050714
1,0.000338018922548
1,0.00016790100305
1,0.000156492349621
1,0.000335148170678
1,0.000278189803368
1,0.000164856536683
1,0.000255224471957
1,0.000219965254092
1,0.000213097428049
1,9.31303265945e-05
1,0.000383029440528
1,0.000247523297486
1,0.000125614961954
1,0.000734819042834
1,0.000220711920246
1,0.000178310935748
1,0.000156798129317
1,0.000232911054519
1,0.000246674442576
1,0.000319598754153
1,0.00025192535479
1,0.000310879924755
1,0.000200918325609
1,8.96008457367e-05
1,0.000120629401677
1,0.000105746388162
1,0.000191800599176
1,0.000204878348954
1,0.000340788670194
1,0.000279653544344
1,0.000235207049224
1,9.41721228166e-05
1,0.000354749466398
1,0.000234013267394
1,0.00014456334897
1,0.000308686635936
1,0.000289992805159
1,0.000223820739749
1,0.000170875752736
1,0.000286457512538
1,0.00038521671322
1,0.00020214294265
1,0.000101256785264
1,0.00017213080602
1,0.000135538130866
1,0.000230744213496
1,0.000263875233737
1,0.000217881049312
1,0.000175977514667
1,0.000179431395557
1,0.000284720675163
1,0.000238990099302
1,5.88165682303e-05
1,0.000235561595112
1,8.86770080005e-05
1,0.000141548080751
1,0.000189281135893
1,0.000158376191935
1,0.000384032970357
1,0.000174553232432
1,0.000371473974859
1,0.000299318812502
1,0.000287086428356
1,0.000257932016722
1,0.000293410975203
1,0.000301783864957
1,0.000279190863926
1,0.000195804068543
1,0.000241839241815
5,0.000205677920977
1,0.000289486266717
1,0.000142814138936
1,0.000168849697458
1,0.000118531827439
1,0.000325504009534
1,0.000259036936715
1,0.000130763409562
1,0.000365433004701
1,7.08331447801e-05
1,0.000380693493556
1,0.000229052338093
1,0.000364980979975
1,0.000260885522802
2,0.00025819348101
1,0.000585224542382
2,0.000109995830916
1,0.000277472708068
1,0.000146127550368
1,0.000292698424672
1,0.000183375685554
1,0.000173188997991
1,0.00043014489861
1,0.000279146277566
1,0.000148749963263
1,0.0001855635872
1,0.000295684741868
1,0.000149827798903
1,0.000363520541998
1,0.000256533063529
1,0.000128214391525
1,0.000104035621986
1,0.000248899044867
1,0.000102164478836
1,0.000127991526292
1,0.000211938093442
1,9.99586970068e-05
1,0.000133203327962
1,8.355321427e-05
1,0.000243835631191
1,9.91727914785e-05
1,0.000189922982055
1,0.00020198425914
1,0.000147254818522
1,0.000281850375612
1,0.000382584484084
1,8.59219183436e-05
1,0.00018268652481
1,0.00028424757313
1,0.00015037296506
1,0.000123079659708
1,6.29933999794e-05
1,0.000286891895703
1,0.000289117765939
1,0.00027538999546
1,0.00029746810858
1,0.000262151892074
1,0.000127106365364
1,0.000213819708606
1,0.000103126751169
1,9.50968317354e-05
1,0.000332298766229
1,0.000371685263855
1,0.0001638047887
1,0.000341223738794
1,0.000127830299063
1,0.000518738511271
1,0.000165213406571
1,0.000267317984779
1,0.000230298030656
1,9.50454655084e-05
1,0.000150444590679
1,0.000209041953522
2,6.45281345104e-05
1,0.00031557738606
1,0.000286292416758
1,0.00058667069723
1,0.000259662046199
1,0.000193131359915
1,0.000340598130161
1,0.000175615946521
1,0.00045466179722
1,0.000136327743374
1,0.000204214455426
1,0.00033443466446
1,0.000304493370256
1,0.000237421208295
1,0.000227250651023
1,0.000485229802221
1,0.000112911632948
1,0.000227961967631
1,8.27414757403e-05
1,0.000375933007454
1,0.00014317026032
1,0.000216074915884
1,0.000212421487679
1,7.67979634135e-05
1,0.000106317342726
1,0.000175471181164
1,0.000179897802364
1,0.000284531333683
1,8.82746312037e-05
1,0.000283574220692
1,0.000186076267836
1,0.000271922073685
1,0.000397906241424
1,0.000205391297059
1,0.000232729351692
1,0.000522032765555
1,0.000218211536083
1,0.000254183934353
1,0.00035216200895
1,0.000130310088424
1,0.000169715903319
1,0.000128424277898
1,0.000274100181687
1,0.000223973014794
1,0.00031638779168
1,0.000324896785679
1,0.000225194089055
1,0.000107494430875
1,0.00040260325549
1,0.0001961156318
1,0.000396453652649
1,0.000289944013643
1,9.24960121192e-05
7,6.34705786463e-05
1,0.0001970135542
1,0.000131340238529
1,0.000526302286285
1,0.000107735656802
2,0.000108450408028
1,0.00238500449875
1,0.000174141943543
1,0.000280516986428
1,0.00031387455742
1,0.000157412931176
1,0.000169388039046
1,0.000168007761621
1,0.000203219047792
1,0.000434247123919
1,0.000272918370973
1,8.78885284456e-05
1,0.000237061180118
1,0.000242155542164
1,0.000303920737053
1,0.00034686747962
1,0.000442166861908
1,0.000255401427581
1,0.000373513511532
1,0.000165684692063
1,0.000251261792471
1,0.000101502188741
1,0.000213920421943
1,0.000156867314291
1,0.000155535962124
1,0.000144638016322
1,0.000293298554335
1,8.78197931056e-05
1,0.000232462203265
1,0.000271060806796
1,8.19249145846e-05
1,0.000140316842266
1,0.000178482138542
1,0.000102989026081
1,0.000269656135076
1,9.75250075566e-05
1,0.000159510009543
1,8.50296824916e-05
1,0.000231266625567
1,0.000195487120612
1,0.000249516633824
1,0.000175360982728
1,0.000260608100197
1,0.000129239124349
1,0.000170332587285
1,0.000185976520363
1,0.000243356692664
1,0.000528830524607
1,0.000249598906086
1,0.000279451490976
1,0.00022000788504
1,0.000163230896473
1,0.00032307955561
1,0.000324107744138
1,0.000461981486382
1,7.3393877854e-05
1,0.000119322789506
1,0.000688042975792
1,0.000212879931953
1,0.000108406340241
1,0.000185796791333
1,0.000342409789444
1,0.000260406882436
1,0.00047511748783
1,0.000309951197941
1,0.000160909315163
1,0.000213543287682
1,0.000280794493906
1,0.000111752698507
1,0.000376598278934
1,0.00039064242297
1,0.000285320916731
1,0.000225894366689
1,0.000152499539227
1,0.000424325065262
1,0.000260061598084
1,0.00023162950662
1,0.000367842976342
1,0.000232514665909
1,0.000167420939331
1,0.000610835728003
1,0.000318362721402
1,0.000127140643229
1,0.000298497391608
1,0.00017610966523
1,5.9718635551e-05
1,0.000356928978973
1,0.00028988682496
1,0.000177507064405
9,4.64663275645e-05
1,0.000357797231273
1,9.83991117238e-05
1,0.000329840350904
1,0.000166525332049
1,0.000231183495363
1,0.00010335322414
1,0.000298108377021
1,0.000171660837669
1,0.000106153527498
1,0.000295101675823
1,0.000140637058307
1,0.000665011111412
1,0.000241820706012
1,0.000444010412192
1,0.00013454624776
1,6.70206189482e-05
1,0.000152206640673
1,0.000276213510404
1,0.000307148085019
1,7.96034181932e-05
1,0.000276898588439
1,0.000330757978127
1,0.000120439883952
1,0.000177121614657
1,0.000158378853315
1,0.000213635834146
1,0.000269481521594
1,0.000183120087705
1,0.000121100041202
1,0.000309842267307
4,0.00013011123373
1,0.000138765832239
1,0.000427917009514
2,0.000158817782177
1,0.000490507477841
1,0.000150892495568
1,0.000427804386474
1,0.000233916376337
1,9.93655986896e-05
1,6.29914946175e-05
1,0.000339339499417
1,0.000618794646774
1,0.000183548620042
1,0.000164685844672
1,0.000262671005061
1,6.50862046531e-05
1,0.000275319305496
1,0.000167500092632
1,0.000345310565139
1,9.18556663208e-05
1,0.00023101100752
1,7.25575507973e-05
1,0.000372061257139
1,0.000111688745225
1,0.000231959282172
1,0.000266243163086
1,0.000338997321707
1,0.000405823189472
1,6.98127215714e-05
1,0.000317083318697
1,0.00027879693098
1,0.000102943661237
1,0.000119424478556
1,0.000142682841392
1,0.000279514836232
1,0.000325026052864
1,0.000205594995935
1,0.000303233678777
1,0.000147724865637
1,0.000126194006003
1,9.78597769569e-05
1,0.00035999520144
1,0.000255299804669
1,0.000155961944467
1,0.000301129334805
1,9.08084771775e-05
1,0.000150858888403
1,6.25337809744e-05
1,6.21114904909e-05
1,0.000285016979033
1,0.000192176557892
1,9.7427709542e-05
1,0.000257793454731
1,0.000151981684826
1,0.000205134195252
1,0.00021249182129
1,0.000123738768802
1,0.000109759416732
1,0.00022450822537
1,6.01074595038e-05
1,0.000246554725684
1,0.000427550059435
2,5.93399989724e-05
1,0.000319029105395
1,0.000500939122659
1,0.000161253610207
1,0.000152570740999
1,0.000324846685444
1,0.000149313806314
1,0.000270043431173
1,0.00066200230148
1,0.000266012375397
1,0.000326465334896
1,0.000242977712469
1,0.000426398309378
1,0.000180069883535
1,0.000386825452721
1,0.000210774389613
1,0.00016710269481
1,0.000117109224857
1,0.000152393290377
1,0.000148216462003
1,0.000191059926572
1,0.000396694609838
2,0.00017644010983
1,0.0001517586745
1,0.000109953830556
3,0.000167567763413
1,0.000420904445484
1,0.000265499172943
1,0.000144658085085
1,7.05067709485e-05
1,0.000191456062319
1,0.000303919801391
1,0.000391232270779
1,0.00021310106659
1,0.000240454452271
1,0.000188958652302
1,0.000370674304018
2,7.75680184544e-05
1,0.000135598718793
1,0.000261747692525
1,0.000517627149029
1,0.000262413123524
1,0.000212899438534
1,0.000311830787153
1,0.000164361028381
1,0.000131664888404
1,0.000328371220577
1,0.000148293955766
1,0.000269247001012
1,8.27096181352e-05
1,0.000343900847693
1,7.29842337142e-05
1,0.000255410429851
1,0.000398820637112
1,0.000314952534119
1,0.00037710914116
1,0.000277400371411
1,0.00013552696766
1,8.53900111612e-05
1,0.000218267917482
1,0.000160834858909
1,0.000246678446782
1,0.000294998761308
1,0.00013085644915
1,0.000300659496912
1,0.000293912795439
1,0.000299307122773
1,0.000268061943033
1,0.000412521675357
1,0.000471609766051
1,0.000174942990337
1,0.000321033937111
1,0.000375144164076
1,0.000122880947095
1,0.000254175678808
1,0.000315004579948
1,0.000251457933491
1,0.000283576045406
1,0.00024465789865
1,0.000107049735618
1,0.000282296836257
1,0.000180799544615
1,0.000317510931378
1,0.000334464548084
1,0.00023634374223
1,0.000345760412393
1,0.000124733911898
1,8.13926118309e-05
1,0.000312931917101
1,0.000249275632113
1,0.000111328182879
1,0.000105806002145
1,0.000284847466021
1,0.000296410198249
1,0.000189408026263
1,0.000245370808868
1,0.000382842960422
1,0.000408238667826
1,0.000348554959643
2,0.000110759734403
1,6.1323632844e-05
1,0.000111006304275
1,0.000739878947286
1,0.000132574427135
1,0.00031811185152
1,0.00052064148808
1,0.000210104799795
1,5.62174168162e-05
1,0.000297547894462
1,0.000207125870985
1,0.000293817833052
1,0.000147130419162
1,0.000149621970324
1,0.000164354289618
1,0.000275453663873
1,8.62346224053e-05
1,0.00021162392626
1,0.000102538960879
1,0.000201241434404
1,0.000202067428802
1,0.000254697055111
1,0.000192109044169
1,0.00033142331296
1,0.000193249190063
4,0.000192807010817
1,0.000170525660847
1,0.000280242995749
1,0.000106288079549
1,0.000181006662483
1,0.00020671785121
1,0.00018955816651
1,0.000208535945055
1,0.000170217882616
1,0.000430119883981
1,0.000559358608298
1,8.37047629893e-05
1,0.000176174783866
1,0.000251545478718
1,0.000277781121566
1,0.000165676795766
1,0.000144805087982
1,8.43199675063e-05
1,0.000251366620507
1,0.000145504741545
1,0.00019618236159
1,0.000275819991986
1,0.000126956647103
1,0.00037426675423
1,0.000110088044845
1,0.000229945982012
1,7.73381543011e-05
1,0.000191006935883
1,7.92277280238e-05
1,0.000127243169826
1,0.000202618236905
1,0.00027484305854
1,0.000336268879385
1,0.000223092872219
1,9.56262493186e-05
1,0.000114465953035
1,0.000321815204814
1,0.000133638295124
1,0.000288221932207
1,0.000155283568283
1,0.000119088317811
1,0.000137408032767
1,0.000269934147669
1,8.34663398667e-05
1,0.000276513777746
1,0.000193663447595
1,6.2783312712e-05
1,0.00035459053534
1,0.000123316256585
1,0.000371753407024
1,0.00015624647885
1,7.79356824289e-05
1,0.000125106110987
1,0.000621374016971
1,6.47808209153e-05
1,0.000270737649442
1,0.000241905910255
1,0.000284043651328
1,0.000257842553957
1,0.000109874614876
1,0.000354518658822
1,0.000183009090165
1,0.000272566148932
1,0.000124856651389
1,0.000135257968635
1,0.000527679876247
1,0.000393045606637
1,0.000569873798532
1,0.000239295116645
1,0.000315948453556
1,0.000242036488617
1,8.60186885337e-05
1,0.000321220042198
1,0.000475069638781
1,0.000386114935268
1,0.000360823730213
1,0.000136140243978
1,0.000276901549492
1,5.9728443605e-05
1,0.000233003856252
1,0.000279555757331
1,0.000285315401135
1,0.000105664934836
1,0.000278424524913
1,8.6388993349e-05
1,0.000518223085103
1,0.000255939502662
1,0.00011717473942
1,0.000192559521879
2,0.00011270568372
1,0.000199973803568
1,0.000176089866595
4,0.00020458222426
1,0.000184832881158
1,0.000109950415117
1,0.000168459877917
1,8.22479047953e-05
1,0.000194359854533
1,0.000135101941358
1,0.000380679455321
1,0.000264681342574
1,0.000372747744643
1,0.000258078783089
1,6.88750708257e-05
1,0.000103006761709
1,0.000221805945822
1,0.00032504970462
1,0.000229474518637
1,0.000189244906409
1,8.64821813895e-05
1,7.95781359173e-05
1,0.000470042520151
1,0.000261108661226
1,0.000109197747313
1,0.000557004260219
1,0.000176078846124
1,0.000458008825474
1,0.000215537262073
1,0.00033111796732
1,0.000185263926769
1,0.000115098941652
1,0.000235168604938
1,0.000507513492919
1,0.000125017481262
1,0.000325560078699
1,0.000252115574183
1,0.000318339136262
1,0.00038606893133
1,0.000170428627675
1,0.000177548999468
1,0.000409789882291
1,0.0003971264951
1,0.000348713863924
1,0.000162403752751
1,0.000165383994354
1,0.000233263881409
1,0.000404095694643
1,0.000342252063617
1,0.000393976889707
1,0.000258166128067
1,0.000251020828641
1,0.000182886828799
1,0.000109927144893
1,0.000165249606488
1,0.00020085390706
1,0.000252873331725
1,0.000180740535372
1,0.000209163256912
1,0.00029745060644
1,0.00020103720693
1,0.000229941259064
1,0.000150704800114
1,0.000176107124582
1,0.00026847080132
1,0.000212521424648
1,0.000175269184402
1,8.88622772663e-05
1,0.000169439125438
1,0.000406420474455
1,0.000417375278534
1,0.000408727640071
1,7.0232547143e-05
1,0.000317533454156
1,8.14114462602e-05
1,8.2349138837e-05
1,0.000128589829901
1,0.000173228759436
1,0.000179752369819
1,0.000260064910689
1,0.000292630495014
1,0.000231086001313
1,0.000317542494694
1,0.000248734611726
1,0.00018116831878
1,0.000626385703193
1,0.00017351360058
1,0.000264442915418
1,7.30361909357e-05
1,7.23980201767e-05
1,0.000108809287223
1,8.9734702175e-05
1,0.000311194941904
1,0.000647917531413
1,0.000543296227452
1,0.000374120844565
1,0.000343030300909
1,0.000160942440342
1,0.00032527585717
1,0.000524984405299
1,0.000248175171542
1,0.000225537705098
1,0.00019514816705
1,0.000235096565062
1,0.000536740786676
1,0.000426898046377
1,0.000277027116182
1,0.000192802394791
1,0.000246676591082
1,0.000232935803071
1,0.000247049187284
1,0.000200526943097
1,0.00020502680662
1,7.90264500882e-05
1,0.000252389857724
1,6.88091440479e-05
1,0.00023630729272
1,0.000158347048561
1,0.000513607726558
1,0.000544874648126
1,0.000270565823629
1,8.96819295412e-05
1,0.000105674498382
1,5.4396229451e-05
1,0.000299913556067
1,0.000195884398251
1,0.000137944707096
1,8.85079767026e-05
1,7.1242804619e-05
1,0.000231412321532
1,0.000233543542485
1,0.000213129059238
1,0.000212515450375
1,0.000350974924343
1,0.00024281490975
1,0.000322700694742
1,0.000194476776842
1,0.000235365158608
1,0.000232146301632
1,0.000114196111913
1,0.000127461803392
1,7.09081940972e-05
1,0.000296378591858
1,0.00020315912057
1,0.000280583143762
1,0.000345650766557
1,0.000159719642506
1,0.000304912802574
1,7.82208141527e-05
1,0.000653211394484
1,0.000268033461965
1,0.000173259603686
1,0.000204054338555
1,0.000350318419521
1,0.000146210212957
1,0.000323815140444
1,0.000166091716544
1,0.000130615589672
1,0.000275937062573
1,0.000324322428666
1,0.00030661296112
1,0.000275022641097
1,0.000215999115952
1,0.000191807110636
1,0.000118304275963
1,0.000135581161289
1,0.000307948044626
1,0.000268882913825
1,0.000211008774212
1,0.000750715394628
1,0.000255743671711
1,0.000297620771964
1,0.000226691642126
1,0.000232499134205
1,0.000128107174814
1,0.000105319015268
1,0.000465600058099
1,0.000183431725727
1,0.000342379756997
1,0.000370579082107
1,5.26830406474e-05
1,0.000230807212825
1,0.00034083674526
1,0.000475195987588
1,0.00026061088676
1,5.97717761543e-05
1,0.000231174543418
1,0.000206269305241
1,0.0003080653684
1,0.000331404944537
2,0.00022802208881
1,0.000185963041865
1,0.000317132053977
1,0.000229533221965
1,0.000280842974516
1,0.000174625720987
1,9.58235597401e-05
1,0.000110815515239
1,0.000260987623919
1,0.000105724137407
1,0.000211112271236
1,0.000376861680302
1,0.000328107488453
1,5.93106357947e-05
1,0.000353218527116
1,0.000438037501107
1,0.00036779552849
1,0.000365850181953
1,0.000364500645463
1,0.000265626365598
1,0.000248714413548
1,0.000215068751577
1,0.000291114780989
1,0.000125967098835
1,9.16850338891e-05
1,0.000266889289217
1,0.000172987489811
1,5.09353304532e-05
1,0.000258541562635
1,0.000352892037062
1,0.000129917173347
1,0.000105596271237
1,0.000280405025662
1,0.00012833929884
1,0.000288447232018
1,9.81808776e-05
1,0.000105693830105
1,0.000204029749197
1,0.000260386626821
1,0.00011077988775
1,0.000112942063317
1,7.8624411804e-05
1,0.000383014825908
1,0.00017011066663
1,0.000158323153295
1,0.000227469379276
1,6.09182367223e-05
1,0.000299811948991
1,0.000306330042241
1,0.000208132694551
1,0.00038657383006
1,0.000102640166604
1,0.000197770533489
1,0.000190746643157
1,0.000100926675945
1,0.000150798424127
1,0.00705363475187
1,0.000306710501694
1,0.000130441018673
1,0.000203016865743
1,0.000361270289051
1,0.000205303159819
1,0.00055255012607
1,0.000395375151301
1,0.000338372353865
1,0.000274818651352
1,0.000320023982484
1,0.000133701013881
1,0.000203897172839
1,0.00028582886018
1,0.000303641110769
1,0.000190684349015
1,0.000303529885582
1,0.000303829663849
1,0.000247872342709
1,0.000166141887617
1,0.000275083681741
1,0.000183887117342
1,9.58134196512e-05
1,0.000208286896485
1,0.000311345839811
1,0.000425614838507
1,0.000160615272922
1,0.000220599820084
1,0.000467489658722
1,0.000259828999124
1,0.000111692599598
1,0.000170327622931
1,0.000432299421195
1,0.000380433337789
1,0.000279947696961
1,0.000457565635071
1,0.000283129132593
1,0.00013281253727
1,0.000187068740668
1,0.000292164201343
1,0.00024014279237
1,0.000130763128939
1,0.000313297630672
1,0.000385980469669
1,0.000446560243584
1,0.000202442754348
1,0.000125443467768
1,0.000412878941161
1,0.00017527866788
1,0.000138169415663
1,0.000333882017163
1,0.00048953812127
1,0.000155891634646
1,0.00019703357986
1,0.000106335990063
1,0.000101977942159
1,0.000333888811071
1,0.000324708548662
1,0.000149495138354
1,0.000131133763318
1,0.000320858930843
1,0.000285752107549
1,0.000334666059218
1,0.000210135630326
1,0.000406017565386
1,0.000188423332377
1,0.000239992346972
1,0.00020634042123
1,0.000369680903289
1,0.000350258174516
1,0.000186397649952
1,0.00038106630747
1,0.000236000770963
1,0.000359110420724
1,0.000234292226773
1,0.000313098507277
1,0.000413865696688
1,0.000410298471643
1,0.000485379362348
1,0.000143799850153
1,0.000131636270887
1,0.000160741122343
1,6.95965215101e-05
1,0.000304968536953
1,0.000125890371879
1,0.000313924462183
1,0.000128388865007
1,6.24054908006e-05
1,0.000384914234762
1,0.000376490420918
1,0.000372298188941
1,0.000175993121773
1,0.000383864760663
1,0.000121511891066
1,0.000329482129197
1,0.000307666338605
1,0.000196048810282
1,0.000232620081085
1,0.000116478784543
1,0.000260170784967
1,0.000113232783512
1,0.000246697255448
1,0.000354334615308
1,0.000114238691589
1,0.000107616473919
1,0.000385307843036
1,0.000102055320245
1,5.63349574503e-05
1,0.000404355778039
7,4.20621018447e-05
1,0.000422608177351
1,0.000244952624767
1,4.99729833719e-05
1,0.000179508894025
1,0.000185485413646
1,0.000482154763856
1,0.00020601870653
1,0.000298905617695
1,0.000151980764569
1,0.000173367177715
1,0.00018974703062
1,0.000348799036012
1,0.000237322077478
1,0.000276856812611
1,0.000496572691127
1,0.000269310058558
1,7.25613637391e-05
1,9.01878564851e-05
1,0.000115006280716
2,0.000170496871026
1,0.000284430018958
1,8.00872277051e-05
1,0.000496882252884
1,0.000289459639077
1,0.000487886012171
1,0.000132919779338
1,0.000132571455053
1,0.000166619934869
1,0.000645906003934
1,0.000222330703025
1,0.000228993705089
1,0.000211131825512
2,6.26475637012e-05
1,0.000282307007335
1,0.000307013505558
1,0.000243456896704
1,0.000141178426764
1,0.000480893075626
1,0.00016881196582
1,0.000112123277048
1,0.00055938736511
1,0.000160773549431
1,0.000100487222386
1,0.000286942463407
1,0.000170030990821
1,0.000117590081283
1,0.000378103412211
1,0.00025638554854
1,0.000346247248308
1,0.000353157683633
1,0.000127309569347
1,0.000265365426503
1,0.000264481804199
1,0.00023839004691
1,0.000185506971227
1,0.000282825261478
1,6.76625694982e-05
1,0.000183245049357
1,0.000245364840062
1,8.59312308088e-05
1,9.68054422182e-05
1,0.000249159300875
1,0.000152619062663
1,0.000148965467303
1,0.000160851936531
1,6.96630259528e-05
1,0.000333219419098
1,0.000263170838233
1,0.00040360545707
1,0.000331028436763
1,0.000223053540118
1,0.000217209992746
1,0.000615015977946
1,0.000224639386837
1,0.000128433179883
1,0.000318822678861
1,0.000359444294046
1,0.000160164115036
1,8.26634422575e-05
1,0.000131233354001
1,9.01122743067e-05
1,9.43290238157e-05
1,0.000254529340812
1,0.000263073343656
1,0.00012623490349
1,0.000312315666944
1,0.000248358999692
1,0.000258223110755
1,0.000293790491266
1,0.000310734169456
1,0.000124548629739
1,0.000216874130739
1,0.000265216390522
1,7.228331291e-05
1,0.000184257672548
1,0.000314310136904
1,0.000351253605902
1,0.000317874453144
1,0.000191196556348
1,0.000175572688111
1,0.000222246332064
1,0.000328073726027
1,7.13329188786e-05
1,0.000238203492179
1,0.00071471116055
1,0.000320099475857
1,0.000361925048214
1,0.000149997974661
1,0.000234839243856
3,0.000141197394336
1,0.0002239992793
1,0.000110880957923
1,0.00029439062628
1,0.000157388043438
1,0.000210629134045
1,0.000299197366325
1,0.000334740465076
1,9.30030234572e-05
1,0.000260308040734
1,0.000160523412465
1,0.000246463040647
1,0.000475892687888
1,0.000188352295653
1,0.00020346640816
1,0.000528280426758
1,0.000129945640353
1,0.000179040218716
1,0.000306806422792
1,0.000308622493686
1,0.000340609250926
1,0.000142013551544
1,0.0003990811506
1,0.000430371743178
1,0.000160520020921
1,0.000347211421837
1,0.000222587386328
1,0.000606489399456
1,0.00020216171034
1,0.000384061282005
1,0.000409545662701
1,0.000447970341251
1,0.000447694300083
1,0.000238571915165
1,0.000206068930065
1,0.000283574143848
1,0.000237451251039
1,0.000298209529503
1,0.000128424673794
1,0.000241330181957
1,0.000275976170848
1,0.000211536409657
1,0.00027126945688
1,0.000227446943493
1,0.000234981385809
1,0.000318340834894
1,0.00016520860454
1,0.000292646822973
1,0.000332961045002
1,0.000553774301949
1,0.000232507247507
1,0.000145996193457
1,0.000144104403767
1,0.000264985601541
1,0.000331147504216
1,0.000194866798771
1,0.000176128770251
1,0.000299817783898
1,0.00068197147932
1,0.000252379454819
1,0.000389033791802
1,0.000267040326548
1,0.000210525378261
1,0.000140009391701
1,0.000210638484151
1,0.000204584111169
1,0.00019871138055
1,0.000307269433468
1,0.000261697146553
1,0.000551996916314
1,0.000480804012806
1,0.000244086359437
1,0.000152317056071
1,0.000259515842529
1,0.000494949279787
1,0.000232198152347
1,0.00033413556616
1,0.000202325771918
2,0.000210128327156
1,0.00024442977345
1,0.000137852342208
1,0.00031580299175
1,0.000124839829905
1,0.00035316107165
1,0.000236883718864
1,0.000145762035203
1,0.000226693658595
1,0.000151547655015
1,0.000222225228204
1,0.000138534768183
1,0.000326977018507
1,0.000267542496504
1,0.000307646988673
1,0.000302288160893
1,0.00014657462094
1,8.62480947901e-05
1,7.27603263508e-05
1,8.54185584148e-05
1,0.000259513703344
1,0.000239533107934
1,0.000412845151156
1,0.000168018523217
2,0.000185760045223
1,0.00011297929846
1,0.000290828361859
1,0.000162582622716
1,0.000301465186588
1,0.000134539487553
1,0.000225728347549
1,0.00027094634312
1,0.000259624333337
1,0.000210052817206
1,0.000164705991707
1,0.000166465862486
1,0.000149329846327
1,0.000588316458644
1,0.000104925657736
1,0.000249940723073
1,0.000385569953724
1,9.1655742764e-05
1,0.000107020795567
1,0.000187855919277
1,0.000350314712183
1,0.000160746965056
1,0.000312599445194
1,0.000166270201268
1,0.000235875103363
1,0.000278544238669
1,0.000304968800558
1,0.000316634250972
1,0.000235145825196
1,0.000141931604534
1,0.000218159170237
1,0.000198858645936
1,0.000279316248161
1,0.000151878736236
1,0.000174166651985
1,0.000135085689311
1,0.000293971203837
1,0.000190452957675
1,0.000211627195162
1,0.000171531726906
1,0.000206269739996
1,0.000280693816286
1,0.000293668374736
1,5.96233860828e-05
1,0.000564639669815
1,0.000227529243929
1,0.00026216812822
1,0.000160974941359
1,0.000215439508375
1,0.000215985495673
1,0.000142732968271
1,0.000160198928594
1,0.000267761115246
1,0.000314769279807
1,0.000206599764985
1,0.000651361411453
1,0.000237893668679
1,0.000489817236916
1,0.000314758274936
1,0.000353786054565
1,0.000254961836042
1,0.000211851240457
1,0.000395765175566
1,0.000169686626609
1,0.000236100307315
1,0.000281766712947
1,0.000255424044093
1,0.000345069846536
1,6.80015404005e-05
1,8.72775259084e-05
1,0.000135118812486
1,0.000232326613039
1,0.000247275520666
1,0.000374233566366
1,0.000204416884523
1,0.000382296104166
1,0.000186775549006
1,0.000344824863581
1,0.000115735692907
1,0.000127417101919
1,0.000371932565765
1,0.000130179532185
1,0.000566802579021
1,0.000317176852107
1,0.000196726597588
1,0.000450534046841
